shopId
1019608
1023097
1026196
1027216
1027519
1027555
1027561
1027573
1027648
1027678
1027687
1027702
1027705
1027708
1027711
1027759
1027930
1027975
1028059
1028098
1028149
1028155
1028194
1028203
1028389
1028473
1028476
1028542
1028557
1029064
1030780
1031689
1031710
1031719
1031773
1032025
1032040
1032061
1032070
1032079
1032100
1032580
1032601
1032637
1032664
1032892
1032931
1032967
1032970
1033180
1033333
1033354
1033357
1033360
1033399
1033444
1033462
1033480
1033729
1033750
1033969
1033993
1033996
1034002
1034011
1034035
1034041
1034047
1034068
1034299
1034335
1034413
1034695
1034824
1034851
1035145
1035157
1035175
1035187
1035193
1035217
1035262
1035289
1035295
1035298
1035310
1035319
1035322
1035334
1035343
1035364
1035367
1035370
1035379
1035388
1035400
1035445
1038628
1038640
1039540
1039555
1040422
1040452
1040458
1040461
1040686
1040701
1043593
1045537
1045549
1045834
1045840
1045852
1045876
1045918
1045921
1045924
1045942
1046050
1046071
1046083
1046098
1046107
1046131
1046146
1046152
1046170
1046194
1046239
1046251
1046281
1046305
1046317
1046365
1046779
1047055
1047076
1047079
1047094
1047106
1047205
1047244
1047265
1047277
1047343
1047370
1047388
1047391
1047418
1047727
1047826
1048543
1048546
1048549
1048552
1048597
1048609
1048633
1048714
1048720
1048738
1048747
1048756
1048759
1048762
1048810
1049236
1049239
1049254
1049572
1049614
1049623
1049632
1049635
1049641
1049647
1049650
1049881
1049899
1049911
1049965
1049977
1050001
1050004
1050013
1051153
1051156
1051159
1051162
1051282
1051318
1051351
1051414
1051459
1051495
1051498
1051504
1051537
1051795
1051942
1053697
1053775
1053874
1053910
1054006
1054015
1055254
1055272
1055281
1055299
1055419
1055542
1055626
1055629
1055680
1055692
1055695
1055701
1055704
1055707
1055749
1055770
1055800
1055815
1055848
1055854
1056475
1056532
1057315
1058752
1058788
1058932
1058983
1058986
1058998
1059007
1059022
1059040
1059073
1059154
1060012
1060270
1060312
1060333
1060387
1060414
1060441
1060468
1060495
1060516
1060534
1060561
1060573
1060576
1060603
1060675
1060678
1060696
1060699
1060705
1060732
1060765
1060768
1060780
1060798
1060822
1060834
1060855
1060915
1060930
1061389
1061392
1061395
1061398
1061401
1061404
1061407
1061410
1061413
1061416
1061419
1061422
1061428
1061431
1061434
1061437
1061440
1061443
1061449
1061452
1061470
1061476
1061479
1061482
1061485
1061488
1061497
1061500
1061503
1061512
1061515
1061518
1061521
1061524
1061527
1061530
1061533
1061542
1061548
1061551
1061554
1061563
1061566
1061569
1061572
1061575
1061578
1061581
1061584
1061587
1061590
1061593
1061599
1061602
1061605
1061608
1061611
1061614
1061617
1061623
1061626
1061629
1061632
1061635
1061638
1061644
1061647
1061650
1061656
1061659
1061662
1061665
1061668
1061671
1061677
1061680
1061686
1061689
1061692
1061695
1061698
1061704
1061707
1061713
1061719
1061725
1061728
1061731
1061734
1061740
1061743
1061746
1061749
1061752
1061755
1061758
1061761
1061764
1061770
1061824
1061836
1061839
1061863
1061956
1061971
1061980
1062007
1062013
1062034
1062076
1062085
1062097
1062100
1062235
1062253
1062286
1062301
1062319
1062346
1062349
1062376
1062385
1062394
1062448
1062514
1062559
1062574
1062583
1062619
1062631
1062637
1062655
1064173
1064200
1064203
1064221
1064224
1064248
1064296
1064308
1064311
1064374
1064383
1064419
1064428
1064449
1064458
1064737
1066678
1066687
1066717
1066720
1066723
1066939
1066948
1066975
1067455
1067485
1067497
1067503
1067506
1067509
1067515
1067518
1067743
1067746
1067863
1067917
1067932
1067935
1067953
1067956
1068400
1068406
1068418
1068472
1068488
1068500
1068527
1068533
1068551
1068596
1068602
1068617
1068687
1068714
1068744
1068753
1068783
1068804
1068837
1068846
1068849
1068885
1069111
1069138
1069153
1069597
1069675
1069678
1069681
1069684
1069693
1069702
1069711
1069756
1069783
1069795
1069807
1069810
1069828
1069837
1070065
1070089
1070110
1076779
1076785
1083916
1083979
1083997
1084021
1084054
1084096
1084102
1084105
1084123
1084144
1084675
1089205
1089289
1089292
1089346
1089532
1089607
1089610
1089655
1089670
1089778
1089808
1089823
1089862
1089886
1089901
1089904
1090822
1090858
1090870
1090882
1090900
1090939
1091059
1091062
1091065
1091068
1091092
1091113
1091152
1091155
1091158
1091167
1091236
1091251
1091260
1091296
1091314
1091368
1092913
1092916
1092922
1092952
1092994
1093030
1093033
1093258
1093261
1093288
1093333
1093657
1093678
1093741
1093813
1093900
1093927
1093930
1094008
1094032
1094041
1094062
1094071
1094089
1094092
1094104
1094137
1094152
1094161
1094173
1094191
1094236
1094275
1094371
1094386
1094422
1094431
1094794
1094818
1094821
1096363
1096699
1099777
1099789
1099810
1100425
1100434
1100449
1101970
1102888
1102909
1102972
1102978
1102984
1102990
1103002
1103020
1103035
1103044
1103056
1103071
1103092
1103113
1103236
1103347
1103419
1103446
1103449
1103488
1103500
1103551
1103578
1103599
1105135
1105138
1105168
1106662
1106668
1106716
1106746
1106749
1106830
1106833
1106866
1106923
1106938
1106941
1107010
1107022
1107028
1107268
1107301
1107334
1107337
1107355
1107382
1107385
1107391
1107394
1107415
1107451
1107598
1107670
1107703
1107808
1107844
1107931
1107934
1107937
1107940
1107943
1107946
1107949
1107952
1107958
1107964
1107979
1107982
1109641
1109680
1109683
1110019
1110040
1110049
1110061
1110223
1110481
1110484
1110526
1110556
1110601
1110616
1110634
1110637
1110643
1110652
1112170
1112203
1112248
1112362
1112368
1112371
1112380
1112383
1112386
1112491
1112521
1112527
1112533
1112836
1112851
1112857
1112872
1112932
1112935
1112956
1112971
1113202
1113466
1113694
1113817
1113823
1113850
1114597
1114609
1114861
1115389
1115413
1115416
1115434
1115455
1115461
1115467
1115479
1115497
1115521
1115548
1115569
1115578
1115608
1115692
1115719
1115722
1115782
1115785
1115791
1115794
1115803
1115824
1115839
1115854
1115872
1115875
1115884
1115893
1116082
1116169
1116172
1116235
1116316
1116337
1116346
1116373
1116376
1116382
1116391
1116412
1116487
1116493
1116496
1116499
1116502
1118062
1118128
1118311
1118416
1125253
1125448
1125559
1125571
1125634
1125661
1125775
1125802
1125811
1125862
1125871
1126075
1126129
1126189
1126207
1126219
1126246
1126300
1126306
1126312
1126321
1126324
1126348
1126354
1126378
1126402
1126414
1126444
1126456
1126462
1126465
1126471
1126474
1126624
1126639
1126651
1126657
1126666
1126675
1126696
1126705
1126708
1126720
1126723
1126726
1126729
1126741
1126756
1126879
1126885
1126888
1126900
1126912
1126915
1126918
1126921
1126927
1126939
1126957
1126975
1126984
1127008
1127023
1127035
1127062
1127092
1127107
1127122
1127158
1127164
1127362
1127392
1127416
1127422
1127425
1127428
1127452
1127455
1127458
1127506
1127539
1127776
1127827
1127866
1127878
1127923
1127992
1127995
1127998
1128037
1128040
1128043
1128049
1128058
1128121
1128232
1128238
1128241
1128244
1128307
1128343
1130452
1135786
1135792
1135816
1135834
1135846
1135876
1136260
1136266
1136278
1136320
1136329
1136338
1136437
1136482
1136566
1136596
1136605
1136614
1136617
1136620
1136686
1136689
1136692
1136704
1136731
1136785
1138108
1138270
1138276
1138285
1138327
1138330
1138342
1138345
1138348
1138351
1138354
1138357
1138360
1138363
1138366
1138372
1138378
1138387
1138390
1139053
1139140
1139143
1139146
1139167
1139176
1139254
1139284
1139293
1139296
1139305
1139317
1139332
1139365
1139374
1139377
1139413
1139416
1139458
1139572
1139587
1139920
1142935
1143322
1143328
1144873
1144876
1144888
1144897
1144909
1144933
1144942
1144987
1145005
1145011
1145026
1145032
1145107
1145206
1145374
1145389
1145467
1145470
1145485
1145503
1145506
1145521
1145758
1145776
1145797
1145800
1145812
1145824
1145827
1145830
1145866
1145869
1145884
1145923
1145929
1145935
1145941
1145956
1145968
1145971
1145986
1145989
1146043
1146046
1146079
1146109
1146124
1146136
1146142
1146145
1146157
1146160
1146166
1146169
1146178
1146196
1146205
1146211
1146220
1146223
1146235
1146241
1146247
1146280
1146289
1146301
1146304
1146307
1146322
1146328
1146334
1146352
1146355
1146358
1146361
1146394
